30338
64219
21573
11611
44177
738
48782
54717
59450
56998
48709
623
28674
65324
11608
34057
33427
47083
49590
59903
14450
44929
12636
48819
656
53305
17080
19134
65210
65178
39731
385
37581
10001
43642
53124
37885
45914
60261
47109
57385
11998
64229
13963
30971
2980
30919
6779
41375
19515
62702
47148
3252
16083
48983
28559
12128
32996
52472
43214
24011
54567
61617
3548
55487
64889
10427
60957
25613
19291
355
20036
50187
7130
4677
15018
12508
24150
4545
19153
58061
61670
23502
12010
7275
58527
61257
49715
33923
11462
63272
44056
30179
5028
49784
53330
22587
29989
3313
4606
17795
1356
13773
42737
5162
39369
50076
16885
2271
35961
6162
58790
36770
6718
49881
60487
56588
60346
64896
12644
48325
63143
17816
12188
35383
47529
42803
14454
6527
11744
39039
6401
1980
51574
29142
42181
2371
14464
3503
15010
36694
59291
21353
55108
18612
49804
33378
44046
25332
27015
50083
14733
2403
12771
36581
59940
38862
29094
9019
145
61436
54855
44322
38359
25165
59300
17157
992
29397
21449
38551
49585
40315
49928
15762
12067
12769
59178
27162
56757
42344
24300
5480
52333
13922
53290
33845
16432
19410
53496
44469
3162
52689
52261
53041
57829
14747
62521
42964
36942
59966
63237
39818
23933
15330
44490
18181
43416
57505
29957
20752
26081
64382
32060
5511
17229
40128
54647
57845
12707
51440
29443
992
58808
37105
33064
50051
61613
21568
22624
56139
38732
49815
16979
2114
57321
53382
14057
24353
56680
12810
21800
25571
42130
6490
37441
63871
51566
56092
24312
49492
7794
37532
13416
61654
46677
27500
16427
26159
34679
39995
26349
63720
10038
28050
2468
63166
43028
10719
17528
57509
57885
24554
28832
64527
56998
47381
56530
24102
61780
30154
26597
28659
64386
17948
52843
38301
15031
38772
24464
52445
18850
6515
62217
54401
58168
14423
37267
39652
10604
53522
38565
24503
13906
51090
46705
10080
7349
7701
52798
25655
65249
22210
65018
55544
62716
4379
3176
33896
58444
14458
56816
25554
55924
53848
17061
30055
54880
53764
36353
53643
26505
61406
41032
8121
24896
49907
28101
5177
10112
1337
47912
18173
44995
62382
14968
16437
39662
53516
25489
19466
3471
49651
32098
2485
63109
62417
57739
38585
62503
32516
8730
41998
10157
12568
30620
10575
40047
3946
56695
39784
45952
13175
43326
8051
14035
43336
38611
2849
54464
25463
12908
17425
3375
11166
8713
21934
33606
48563
63542
8012
59710
36029
47763
60934
49124
31123
26964
6143
39501
7225
46494
44770
30770
62863
5955
57496
12629
47936
41813
45188
41243
28401
61133
47423
44291
9173
8920
57360
50612
39733
4313
42094
46630
51259
59819
17489
12196
10960
861
20855
23524
28053
56879
9452
17315
16562
45299
47139
53026
45688
43136
43628
14971
63022
2435
10537
17300
10873
50380
8383
18508
55055
29174
2202
52754
53608
36434
14758
13713
49445
3381
25695
18488
38966
64896
39375
19571
7478
28526
11287
16889
33295
43207
43371
24713
52299
32388
20417
47937
14737
20138
46021
8270
47707
2783
26409
8206
30689
54057
30945
39186
21849
39816
61538
53252
52390
38397
64704
39436
32997
2802
35771
43869
22137
41079
37536
23516
24173
21852
29705
11695
5327
9479
32239
58842
15939
62688
32379
54018
44819
60882
16287
37822
45533
31030
35276
49939
49472
15096
8261
28097
21296
848
51489
60617
13424
19913
47352
12412
13932
15077
13379
62675
22910
41999
34117
52303
30881
24389
9367
49636
64061
41998
59599
9161
17807
6406
17620
61585
37844
44191
50404
53827
51631
47067
29277
51296
53339
1719
36360
18806
23196
14261
17616
7694
48103
50463
40428
64965
59139
336
55677
20216
9108
38535
34043
24209
56264
14315
8836
21893
42960
20508
57701
12939
12729
40320
44157
3542
40850
53878
24753
21595
5570
25407
39691
27473
1030
41702
2500
3238
55846
14362
46123
21065
62122
55926
11598
18382
2844
26253
852
61732
2397
33005
56963
40179
3995
8676
18876
695
56641
30506
5934
658
59538
17683
56077
40092
46834
38663
41671
37728
10792
42468
33991
3169
39393
4267
62834
11740
33674
59816
50971
53480
36336
4190
46976
28031
11864
23762
25623
13127
63032
21469
35014
47189
51912
53741
28518
7806
27440
51054
60261
3182
39313
6297
21210
59363
15602
63505
59066
23178
26186
6343
51301
11877
8713
44166
23798
27264
52272
3357
29434
43049
11386
628
27610
39877
47079
19558
51374
18609
42815
16920
50251
31798
61709
20362
52132
43736
25746
19805
23842
41961
44390
52916
17340
41897
50146
27894
61604
32123
62333
19397
41
29443
6281
35109
57339
53682
29608
45530
16855
45523
55209
53567
25080
51752
469
61201
32844
49589
36055
1316
50211
13996
7448
24518
232
27567
8534
19351
38323
50381
22322
29375
34920
39401
8555
18106
43607
44923
12629
15324
32098
28973
8136
27594
42511
24565
4289
37819
3576
53885
28857
48965
11951
34868
45738
7437
27917
58983
2917
42619
60685
16329
27159
15082
13356
63869
58543
43857
44220
1297
55524
19569
47811
60343
20973
10326
33739
26574
18445
16639
44790
8234
55661
61019
45670
60422
60854
34930
30858
758
24209
22439
57894
4207
35308
54232
37084
36317
395
52752
16887
41830
17835
59985
61505
53051
58792
54227
65063
46647
29333
8197
42327
50420
52633
10682
61935
1761
19987
5497
38483
33774
60262
53564
27513
26857
53971
10946
2380
33020
52216
4567
25966
20301
5545
50261
42230
1355
60410
57435
40863
30167
47133
60867
5109
16114
24618
40625
35780
58201
50760
12393
12224
52009
56295
12811
20737
40812
19202
63678
53021
6923
53487
53711
2177
63151
57062
41042
18201
28324
7028
33581
53004
41899
28287
54098
9587
27458
21483
44653
17344
52271
11523
46178
34071
32147
65045
43975
14151
13325
12816
43488
7124
2161
2534
60131
22617
51667
4052
4543
10020
36124
25467
26799
39347
60142
7538
5004
34063
56027
29294
22966
30145
51047
13490
63056
57262
50566
22335
28736
28988
54396
31567
10112
35907
51628
19598
48938
9058
39332
16113
20195
27860
16152
1004
64468
42678
6570
23423
37414
26075
32954
24307
32748
12528
21265
2250
51136
13640
12761
18095
54328
20967
58356
27445
2904
4500
58409
2122
50254
16010
37766
40998
31096
64153
27978
61567
34216
23063
40599
49931
1506
23111
10672
1072
37925
47821
7609
55442
44704
40031
45369
54513
40128
7052
52230
48325
59878
41688
49073
46358
51840
26972
60609
12174
48563
53558
17448
65311
29150
56483
1946
46053
19335
27975
58702
42982
63206
34229
6810
62153
40835
19701
34459
462
1616
8915
16168
15490
37015
42204
29998
18423
48327
25887
9301
17227
33536
7151
5242
10056
43931
6752
11535
52708
5953
25085
28246
21466
3254
15714
38324
26205
15128
6027
38483
4042
16578
1679
33887
49191
3739
23933
56706
10321
46656
33372
38782
61094
54939
47338
61704
1241
306
65023
13589
64228
8952
47721
38046
28843
53873
9769
971
21149
772
7531
15755
43293
53292
61336
12228
9196
31499
20654
8807
63492
64525
14318
40117
65046
11350
57536
16345
25722
50321
8328
43825
25528
38452
22467
32871
40264
21619
48821
60867
14124
62261
6028
28067
58629
60910
57287
6529
14076
9306
39335
2943
23998
20034
56528
32990
22666
54897
38026
47621
44424
38571
43811
45820
5130
35391
40849
29867
6978
18973
22567
58466
2902
14464
13118
21799
9681
60993
40799
5070
8315
57197
23458
54426
38431
7079
62496
54027
57033
10503
28103
33754
34043
23825
31354
18105
48423
4748
54183
50843
31687
26063
8971
3999
16796
50596
36981
20034
16562
5039
45374
25918
13707
62191
5244
31530
3207
60684
3101
56639
39892
48212
55248
11547
63986
21333
10425
16257
13220
25699
43354
33765
26599
56988
408
30483
51433
17416
24876
34532
13051
43420
28361
17462
48390
12932
44191
2595
51646
8893
781
2441
18422
14225
44090
9500
58621
32120
5652
11982
22663
15322
32442
40382
17127
27139
31909
4984
16242
34844
5227
63642
8629
38255
3819
12600
36935
41658
35693
37215
39201
9622
167
61873
9905
59658
7316
31658
13179
45486
56782
58013
52328
23148
7409
45865
1954
49445
43351
62886
31476
24089
39070
54117
25624
57910
7065
34862
17642
4408
57907
25860
47118
44343
10607
55876
40586
29838
65418
44519
19772
41775
8319
43381
6073
50381
38490
57333
45988
6693
44875
14679
18716
3233
45362
34368
7495
30414
62338
10057
59663
55055
24496
40614
52873
23218
9509
57651
24617
17637
42898
24648
51616
62704
42298
45721
27275
22103
22377
37810
16944
44069
37639
46473
10327
10244
57848
49989
2483
41617
13533
60061
5435
52532
56617
20883
56484
36930
1148
34448
47268
4377
24282
59958
55390
11723
21794
52116
22084
17775
65471
1772
42343
37588
8098
15598
57147
43655
49272
62316
10609
33519
13377
11245
34306
21390
59346
21645
58264
1006
35009
64138
18944
57251
13857
42065
27528
50321
644
40816
44021
33799
13288
43225
14542
14719
20144
11465
28731
34496
15605
39995
47523
17214
4448
29124
1992
63867
57652
53753
52532
12623
27648
27445
54604
26959
52949
41286
60279
63631
37540
39895
9775
26224
6826
10329
34444
46770
34873
52886
61656
42501
6479
61252
42900
21366
58084
17381
38164
15479
30102
51007
33166
55307
4148
26722
45875
14165
63904
22576
4567
23282
1764
18464
7341
50471
20186
37372
26652
4225
17462
31501
11669
64465
50921
15509
31211
34607
24966
18325
3111
49543
48465
37270
4454
19328
3093
6282
43453
19133
44868
26317
26710
51420
59151
62399
57965
38851
16868
53222
27659
61874
23181
34216
64658
15066
15035
12441
32311
32113
17485
61245
32999
1649
28996
27060
6361
26866
478
583
35968
42505
30924
19016
47907
33940
14754
16798
51492
42878
61409
34573
49414
1454
40176
14931
57566
16688
39422
41588
1607
13756
10428
14030
47519
4490
126
65530
31078
52490
21025
42705
16744
56750
21975
6454
32745
42499
42787
51082
18790
50639
59797
40782
62351
25457
42411
24451
22243
2323
49013
45951
58371
11780
20243
35779
19034
40923
12179
22950
4016
39842
302
14347
14706
29796
28024
39376
59163
3237
33453
44063
43596
62355
60919
28476
52044
9988
36949
46993
25202
53089
13513
7996
43254
15150
6656
61636
37712
28633
5089
58016
37062
37120
3301
11845
29196
50846
42856
4160
9083
9476
35587
2027
27430
18742
21949
30214
58018
30540
24420
57272
29155
60191
60318
54056
36526
41868
47481
21793
53267
61703
33035
53363
31703
32020
60633
55284
63128
61395
34000
39109
9948
53139
2768
63350
29534
30441
20914
38128
2423
7153
43549
58559
36718
2987
3422
16519
8463
52972
45997
64972
32629
16589
586
23722
62208
26008
54389
37527
58944
2707
20511
45007
13538
61263
9732
48078
24921
15112
20671
43600
38749
52394
41940
20320
14184
35685
2034
29224
41427
19981
25141
46912
7308
24824
65511
20846
36762
32359
10532
60496
5269
1833
6510
63538
38038
43811
42091
17748
16553
64109
12366
42868
17595
50764
65003
4893
60161
62357
12356
64166
39995
5931
49809
55697
46500
5874
2143
29370
9922
46225
16417
41300
29235
25506
51730
56962
33822
30128
13860
24236
35046
38481
53761
59411
37724
17809
38910
59936
55430
41758
63034
20259
54581
756
32998
65456
46410
25137
39212
55857
32903
45585
20040
47114
38857
26393
41492
62616
9627
8223
60733
9049
27292
48418
23291
10071
48837
53686
24477
3068
59268
61177
19773
39627
6922
60868
11740
16835
24164
35711
60940
39307
7476
49314
63270
48495
49232
9617
34429
23365
47106
14983
49342
14293
63155
65147
42810
8747
49112
41943
19331
18742
10650
15160
11974
21020
50156
6369
40829
13987
7965
24428
53359
59267
51365
58690
47121
56281
61863
1040
44428
40098
48146
52251
21230
31632
60622
33240
32417
42071
50025
41006
18734
50037
28270
25319
61942
11052
60394
16766
12311
19234
50123
4083
20230
30501
57133
30099
51580
45539
32977
42312
21533
16682
10903
53587
55530
40628
53052
49944
27702
37821
47586
4729
51473
48433
39761
12288
53107
57815
63462
65428
15504
43496
423
35532
48124
26603
46874
63143
54976
3516
6567
57221
45327
20596
54778
41440
63673
15436
37118
26100
48129
19761
43097
4193
24793
35868
20017
22340
59722
9306
49703
44051
9787
12069
15343
2465
2227
27213
45929
30972
5470
36802
43185
12789
26626
59987
57848
41051
32458
8092
31994
11714
17267
3803
7068
55410
14353
8945
12200
24689
39292
60027
30061
30774
64269
42927
743
24577
38515
62738
56066
21940
7823
51361
55625
32285
42565
22794
23828
39666
8167
56759
37590
50432
45062
17090
4023
50272
29143
30026
34681
36857
24360
48054
57392
12753
32109
9558
22825
7501
40794
52551
48459
9965
16628
34507
3943
52364
45600
64756
25824
50697
20199
14962
34076
59151
6516
15334
39731
61864
11561
29839
60874
15786
27716
47483
41468
37294
24659
22115
19515
24509
38985
8268
58370
26463
58766
43147
46831
35156
36420
6711
63299
16725
57639
27317
49362
59406
2570
10896
55796
14488
40874
62251
19276
52083
50578
56149
46739
8920
18159
6447
38736
52031
4426
32412
17521
52542
13644
34699
15205
52361
32053
61821
54819
42027
21154
452
21739
46045
65132
34520
21257
961
49934
1236
27175
47628
64907
4115
23449
15671
63147
36250
10733
44434
54273
10327
36724
39208
28322
28275
17917
27874
51452
33464
1128
53323
25969
61154
25165
18821
61945
35285
38952
17097
50908
29600
47468
13023
50446
33503
4172
7075
6011
54132
23426
3381
63349
43761
573
45137
38122
11145
62375
30553
40664
53350
10216
58328
44447
21827
56609
42240
5953
21460
61836
25468
15419
547
63290
410
40911
49493
56632
51701
45859
7355
14612
59018
20516
28673
45302
21476
58196
25721
6580
13457
34976
32819
37426
22643
12260
46621
33472
9336
58671
42953
36179
46872
15842
40488
41988
58492
34167
6049
60030
20001
40887
19110
61790
4710
49454
15238
27997
8828
30557
25225
45190
9680
2258
30242
64256
13402
44745
60672
53714
46518
38569
40897
4862
34416
57633
14336
61724
12959
39832
55976
40850
8716
46987
42318
38197
61575
26050
6222
44162
4984
10850
15589
32202
50907
21668
59446
50320
63912
9955
57203
39996
53205
38375
21699
7901
6706
34902
43827
49029
32259
6120
56882
41269
27998
16876
41503
7146
40549
63514
28555
44681
12423
19634
7823
41132
37892
8902
13113
55376
62206
63741
3794
27269
60347
15520
11476
40836
24926
34741
42168
18587
25909
3290
64684
35541
20121
47975
47744
17910
7836
18180
12387
10046
10881
30458
30765
1321
28945
55228
25197
6716
45762
62297
49257
20188
18003
35994
53436
62349
53679
22696
64864
17339
13327
33291
24750
1669
23555
47940
30211
61460
29795
963
59576
10265
47942
1037
27428
24902
57076
7962
25810
56809
36261
34047
38632
25054
36158
12261
16825
10993
41805
48707
42330
24271
14126
6737
5242
49110
59174
24979
58489
23521
62097
37550
4025
25088
3762
40439
37900
50299
44026
28181
51508
35648
3005
40172
58695
43070
53880
24887
12444
25329
30998
4881
12067
27669
4839
32121
21463
48338
19551
22458
64573
59375
21751
40262
35578
61535
8333
14395
9504
50264
53322
2678
53964
60149
50682
13231
16543
46700
43041
63187
5945
53921
11802
10381
2828
37356
5694
35181
23750
63626
45212
57850
43325
17055
26737
51480
1327
3990
22032
45126
34876
29103
49875
60218
37576
53790
17057
14804
50625
41054
15453
32664
2834
35059
18766
60043
13254
24884
43171
32911
36662
51059
45399
22859
13807
62078
55980
61351
60090
3178
9877
54991
16129
35053
18526
38177
39799
15627
41431
15885
49805
28770
44969
6217
5866
12102
8605
31124
25972
57103
37465
64901
48771
5313
29841
47596
61179
36256
57789
24925
17748
6878
50347
6269
26038
6502
33511
40003
35311
22527
44329
14515
24391
59031
14173
18610
33770
55791
13807
5614
27047
33074
52115
49511
41844
23440
12222
48734
30467
21589
44440
9829
62924
3477
1930
18788
56835
50919
63808
15034
55494
1154
53109
64368
21053
52630
12449
36672
13244
53482
4483
3810
52084
61091
13518
13586
35861
35045
63103
52695
38
15962
37164
13081
61437
32673
35335
1216
9236
40238
51044
17085
44843
60559
40544
64456
12650
7811
59897
63981
37945
45541
56394
20326
10701
10718
20525
25703
29216
6185
43582
58285
12082
15824
13555
25337
59864
24434
1110
52316
45363
21948
24952
34619
39213
39557
36127
40114
65346
60450
57634
33884
19870
28256
65098
3249
47006
23919
44818
41778
34665
718
56874
49863
61619
26829
2128
16044
24294
38422
59997
35448
49549
31986
18558
18625
51698
7226
8381
21057
578
3728
28903
26128
37912
23580
21402
4955
7921
49732
15502
51365
56065
56476
31426
30177
21336
22273
13813
62455
55849
10071
6995
4260
50640
53164
8051
59201
571
11782
62298
49772
62193
2505
58059
17037
4996
25427
9787
31122
19211
51164
56382
21800
20898
38214
10738
16163
55045
31791
46916
20613
26815
53795
17943
30693
52575
60627
23649
3984
13916
8732
23588
47654
19968
37125
37655
64810
42466
35134
10838
60954
4506
60615
26984
36266
54173
37553
56989
39829
40961
7840
19880
31132
13404
36485
64969
17910
5638
8757
4971
59597
150
37874
52821
23126
54982
54287
57841
44290
13570
42827
2251
36996
49861
56119
26501
46040
28499
763
29207
38406
2449
51590
18904
40243
50078
46497
33648
18690
27612
8883
43435
5187
8075
31140
7603
4928
4290
3274
39239
54237
4592
8661
26217
11579
38799
13881
59249
43426
49260
3806
36312
14033
3016
27918
57187
40496
36652
58842
5427
43343
15905
23130
40927
2798
59675
27298
20110
34149
30096
48566
36540
5394
53977
13187
61229
11338
56734
24108
7231
14873
29239
40909
2402
52232
19114
63814
7231
16438
16578
22227
4992
8800
52454
21517
17041
64027
24970
24656
33342
8490
30429
39963
22824
52504
28673
39811
42947
29809
23955
22769
29292
35421
59105
16437
23898
22155
49021
42093
24880
50841
19417
52318
11186
17597
39612
15716
1159
59582
53475
46177
46416
15318
24789
4755
15364
37852
62253
64532
41794
24389
59257
45381
17620
57414
1052
2741
13587
54314
36743
45404
10292
6024
52186
60562
1256
56456
17426
46146
8001
39513
65341
54139
64826
50675
37457
23819
58036
733
392
39632
59654
20967
38308
47192
55845
60847
25365
25872
7039
64613
18650
32013
63419
62883
61659
54773
3260
23304
5429
11812
27402
3941
60787
16315
18639
37268
59193
21920
27975
13302
44822
59003
38003
7934
15852
1805
27027
39564
35325
13409
60272
58779
64903
64571
64312
11373
19892
59836
52125
11767
39239
48256
4067
59979
38951
33100
45146
59161
55482
37425
24162
50447
54496
50855
15892
14789
14327
42327
40111
4435
31221
13441
5733
10339
2765
56328
51334
17410
143
34484
7777
11128
27016
60157
6767
12563
49738
14655
37859
21394
54222
7333
48501
44778
33690
58123
17521
9515
31244
14152
56777
26419
4062
35198
49421
18466
10606
5250
30000
9201
43607
